% Simscape(TM) Multibody(TM) version: 7.3

% This is a model data file derived from a Simscape Multibody Import XML file using the smimport function.
% The data in this file sets the block parameter values in an imported Simscape Multibody model.
% For more information on this file, see the smimport function help page in the Simscape Multibody documentation.
% You can modify numerical values, but avoid any other changes to this file.
% Do not add code to this file. Do not edit the physical units shown in comments.

%%%VariableName:smiData


%============= RigidTransform =============%

%Initialize the RigidTransform structure array by filling in null values.
% -------------------------------------------------------------------
%  Generated by MATLAB on 27-Mar-2022 10:14:04
%  MATLAB version: 9.12.0.1884302 (R2022a)
% -------------------------------------------------------------------
                                                          

smiData = struct;
smiData.RigidTransform = struct;
smiData.RigidTransform(1).translation = ...
  [2979.9999999999604 -107.99999999999876 3349.9999999999545];
smiData.RigidTransform(1).angle = 2.0943951023931953;
smiData.RigidTransform(1).axis = [-0.57735026918962562 -0.57735026918962584 ...
                                  -0.577350269189626];
smiData.RigidTransform(1).ID = 'B[T501_C-1:-:T501_A-1]';
smiData.RigidTransform(2).translation = ...
  [2979.9999999999623 -108.00000000000045 3349.9999999999568];
smiData.RigidTransform(2).angle = 2.0943951023931953;
smiData.RigidTransform(2).axis = [-0.57735026918962584 -0.57735026918962618 ...
                                  -0.5773502691896254];
smiData.RigidTransform(2).ID = 'F[T501_C-1:-:T501_A-1]';
smiData.RigidTransform(3).translation = ...
  [2600 -2.5229280231553817E-13 3350.0000000000009];
smiData.RigidTransform(3).angle = 2.0943951023931953;
smiData.RigidTransform(3).axis = [0.577350269189626 0.57735026918962584 ...
                                  0.57735026918962562];
smiData.RigidTransform(3).ID = 'B[T403-1:-:T501_A-1]';
smiData.RigidTransform(4).translation = ...
  [2599.9999999999636 -4.5474735088646412E-13 3349.9999999999554];
smiData.RigidTransform(4).angle = 2.0943951023931957;
smiData.RigidTransform(4).axis = [0.57735026918962562 0.57735026918962573 ...
                                  0.57735026918962573];
smiData.RigidTransform(4).ID = 'F[T403-1:-:T501_A-1]';
smiData.RigidTransform(5).translation = ...
  [2979.9999999999595 109.99999999999987 3349.999999999955];
smiData.RigidTransform(5).angle = 2.0943951023931957;
smiData.RigidTransform(5).axis = [0.57735026918962584 -0.57735026918962573 ...
                                  0.57735026918962573];
smiData.RigidTransform(5).ID = 'B[T501_A-6:-:T501_C-6]';
smiData.RigidTransform(6).translation = ...
  [2979.9999999999536 110.00000000000091 3349.9999999999509];
smiData.RigidTransform(6).angle = 2.0943951023931962;
smiData.RigidTransform(6).axis = [0.577350269189626 -0.577350269189626 ...
                                  0.57735026918962529];
smiData.RigidTransform(6).ID = 'F[T501_A-6:-:T501_C-6]';
smiData.RigidTransform(7).translation = ...
  [3424.9999999999591 0 3349.9999999999504];
smiData.RigidTransform(7).angle = 2.0943951023931953;
smiData.RigidTransform(7).axis = [-0.57735026918962562 -0.57735026918962584 ...
                                  0.577350269189626];
smiData.RigidTransform(7).ID = 'B[T501_D-1:-:T501_A-6]';
smiData.RigidTransform(8).translation = ...
  [2589.9999999999613 -4.5474735088646412E-13 3349.9999999999554];
smiData.RigidTransform(8).angle = 2.0943951023931957;
smiData.RigidTransform(8).axis = [-0.57735026918962584 -0.57735026918962584 ...
                                  0.57735026918962562];
smiData.RigidTransform(8).ID = 'F[T501_D-1:-:T501_A-6]';
smiData.RigidTransform(9).translation = ...
  [3394.4999999999604 0 3349.9999999999504];
smiData.RigidTransform(9).angle = 2.0943951023931953;
smiData.RigidTransform(9).axis = [-0.57735026918962562 -0.57735026918962584 ...
                                  0.577350269189626];
smiData.RigidTransform(9).ID = 'B[T501_D-1:-:T501_C-1]';
smiData.RigidTransform(10).translation = ...
  [3394.500000000005 1.8189894035458565E-12 3350.0000000000018];
smiData.RigidTransform(10).angle = 2.0943951023931957;
smiData.RigidTransform(10).axis = [-0.577350269189626 -0.57735026918962573 ...
                                   0.57735026918962551];
smiData.RigidTransform(10).ID = 'F[T501_D-1:-:T501_C-1]';
smiData.RigidTransform(11).translation = ...
  [3394.5 4.4408920985006262E-13 3349.9999999999995];
smiData.RigidTransform(11).angle = 2.0943951023931953;
smiData.RigidTransform(11).axis = [-0.57735026918962584 -0.57735026918962584 ...
                                   0.57735026918962584];
smiData.RigidTransform(11).ID = 'B[T501_C-6:-:T501_D-6]';
smiData.RigidTransform(12).translation = ...
  [3394.4999999999618 1.8189894035458565E-12 3349.9999999999509];
smiData.RigidTransform(12).angle = 2.0943951023931953;
smiData.RigidTransform(12).axis = [-0.57735026918962584 -0.57735026918962584 ...
                                   0.57735026918962584];
smiData.RigidTransform(12).ID = 'F[T501_C-6:-:T501_D-6]';
smiData.RigidTransform(13).translation = ...
  [3424.9999999999591 0 3349.99999999995];
smiData.RigidTransform(13).angle = 2.0943951023931953;
smiData.RigidTransform(13).axis = [-0.57735026918962551 -0.57735026918962562 ...
                                   0.57735026918962606];
smiData.RigidTransform(13).ID = 'B[T501_D-6:-:Cabina-2]';
smiData.RigidTransform(14).translation = ...
  [-0.33388185262759862 353.93770478588777 649.54340112144109];
smiData.RigidTransform(14).angle = 6.4736570491389385E-16;
smiData.RigidTransform(14).axis = [0.42658568639798383 -0.90444715277364929 ...
                                   -1.2488468067034847E-16];
smiData.RigidTransform(14).ID = 'F[T501_D-6:-:Cabina-2]';
smiData.RigidTransform(15).translation = ...
  [500 422 3000.0000000000005];
smiData.RigidTransform(15).angle = 2.0943951023931953;
smiData.RigidTransform(15).axis = [0.57735026918962584 -0.57735026918962584 ...
                                   0.57735026918962584];
smiData.RigidTransform(15).ID = 'B[T403-1:-:T301_B-1]';
smiData.RigidTransform(16).translation = ...
  [499.99999999999426 421.99999999999972 3000.0000000000596];
smiData.RigidTransform(16).angle = 2.0943951023931957;
smiData.RigidTransform(16).axis = [0.57735026918962584 -0.57735026918962551 ...
                                   0.577350269189626];
smiData.RigidTransform(16).ID = 'F[T403-1:-:T301_B-1]';
smiData.RigidTransform(17).translation = ...
  [-300.00000000003058 63.999999999996561 3000];
smiData.RigidTransform(17).angle = 2.0943951023931953;
smiData.RigidTransform(17).axis = [-0.57735026918962584 -0.57735026918962584 ...
                                   -0.57735026918962584];
smiData.RigidTransform(17).ID = 'B[T301_D-1:-:T403-1]';
smiData.RigidTransform(18).translation = ...
  [-300.0000000008564 72.999999999996817 2999.9999999987285];
smiData.RigidTransform(18).angle = 2.0943951023931935;
smiData.RigidTransform(18).axis = [-0.57735026918962506 -0.57735026918962662 ...
                                   -0.57735026918962562];
smiData.RigidTransform(18).ID = 'F[T301_D-1:-:T403-1]';
smiData.RigidTransform(19).translation = ...
  [1.5820678100908503E-12 -4.0435175101681019E-13 306.99999999999989];
smiData.RigidTransform(19).angle = 3.1415926535897918;
smiData.RigidTransform(19).axis = [-1 -1.1950430378579322E-30 2.1515705802505583E-15 ...
                                   ];
smiData.RigidTransform(19).ID = 'B[T301_A-1:-:T201_A-1]';
smiData.RigidTransform(20).translation = ...
  [-1.5807577559295224E-13 -2.4112420927689856E-13 309.99999999999994];
smiData.RigidTransform(20).angle = 3.1415926535897931;
